3.5279  -3.8989
5.7682  -3.7891
3.5245  -2.2463
4.3008  -1.3186
2.2391  -5.5132
2.9391  -0.4237
3.4126  -1.3457
5.2848  -3.0793
2.0616  -3.3848
2.1721  -3.3193
2.6760  -4.1619
4.5965  -2.9489
4.9269  -2.9354
4.5910  -1.0942
3.8037  -1.2310
4.1880  -2.1341
3.1853  -3.7283
4.9788  -1.1305
2.7558  -2.8030
4.3471  -3.8956
-3.3660  -4.9213
-0.7443  -3.9544
-2.6991  -4.3141
-2.2651  -2.9491
-2.4777  -3.8354
-4.7535  -5.8524
-4.1925  -4.1872
-3.1745  -4.0845
-4.6171  -2.9264
-2.9341  -3.9556
-4.8314  -4.4962
-4.6445  -4.7165
-4.9758  -3.5821
-4.6340  -3.4697
-3.3858  -5.9519
-4.1334  -2.1510
-2.4597  -5.5407
-3.4188  -5.6531
-4.8911  -5.1847
-4.5707  -2.3948
-4.6906   4.0493
-4.3232   4.0883
-2.6014   5.2972
-5.3172   5.0274
-2.3939   3.8836
-5.4662   1.9146
-2.7312   2.1997
-3.5291   5.4326
-2.1047   1.1434
-2.4248   3.4495
-1.4814   1.8396
-1.5454   5.8934
-4.3292   4.5635
-2.5063   3.5024
-5.0110   3.3554
-5.8473   1.2981
-2.2796   4.4099
-3.4999   1.2122
-3.6004   1.3572
-1.4764   3.6082
1.5804   2.3955
4.9089   3.1613
4.9053   2.5008
4.3346   3.9412
1.8992   3.7678
3.9576   1.7519
3.1116   2.5899
5.8378   0.0929
3.8939   5.9044
4.8020   1.0030
2.7228   0.6373
2.5943   2.2345
4.9519   1.1887
2.5008   2.9381
1.7990   2.0370
1.0403   5.7098
2.3456   5.5220
4.9883   0.3161
4.8202   4.4271
2.3628   1.6147